6.675, 9.6, 1
8.375, 10.8, 1
10.875, 12.75, 1
13.725, 13.3, 1
17.625, 14.1, 1
23.425, 14.2, 1
26.875, 12.15, 1
30.475, 8.75, 1
4.675, 7.8, 1
2.975, 5.85, 1
1.625, 4.05, 1
21.175, 13.7, 1
24.975, 12.85, 1
28.375, 10.7, 1
32.525, 7.25, 1
35.925, 6.65, 1
38.775, 7.9, 1
41.225, 9.45, 1
2.775, 4.15, 1
4.225, 4.95, 1
3.375, 7.2, 1
4.375, 8.65, 1
5.875, 7.6, 1
5.625, 9.9, 1
8.175, 9.5, 1
7.475, 10.95, 1
8.225, 11.65, 1
9.725, 11.75, 1
9.875, 13.4, 1
9.475, 10.9, 1
10.575, 11.2, 1
11.775, 13.6, 1
12.575, 12.1, 1
13.325, 14.35, 1
13.875, 15.7, 1
11.825, 14.55, 1
12.725, 13.5, 1
15.025, 12.6, 1
14.175, 12.6, 1
15.125, 14.2, 1
14.475, 14.3, 1
15.475, 15.5, 1
16.575, 12.65, 1
16.375, 14, 1
17.225, 15.7, 1
17.825, 14.7, 1
18.625, 15.2, 1
19.725, 15.25, 1
20.775, 15.1, 1
19.775, 14.65, 1
18.325, 13, 1
18.425, 14.2, 1
19.525, 13.35, 1
20.575, 14.15, 1
20.425, 13.1, 1
21.775, 13, 1
21.775, 14.8, 1
22.875, 13.15, 1
22.475, 13.55, 1
23.175, 12, 1
23.975, 12.45, 1
23.975, 12.45, 1
24.425, 11.95, 1
25.075, 11.85, 1
25.475, 11.4, 1
26.275, 11.35, 1
26.175, 12.05, 1
26.825, 11.05, 1
24.675, 11.4, 1
26.375, 10.5, 1
27.775, 11.1, 1
27.325, 11.45, 1
27.325, 10.6, 1
28.775, 9.15, 1
30.125, 10.05, 1
31.775, 8.9, 1
34.825, 7.05, 1
33.675, 8, 1
35.275, 7.95, 1
36.925, 7.95, 1
38.925, 8.8, 1
40.125, 9.7, 1
41.075, 10.3, 1
39.975, 8.65, 1
38.125, 6.75, 1
37.325, 7.35, 1
35.975, 7.3, 1
33.725, 7.05, 1
32.575, 8.3, 1
31.825, 8.35, 1
29.625, 9.4, 1
27.875, 10.05, 1
29.225, 10.1, 1
31.075, 9.3, 1
30.925, 7.45, 1
38.575, 8.55, 1
37.925, 8.05, 1
39.775, 7.75, 1
35.775, 14.4, 1
19.575, 6.2, 1
9.075, 7.25, 1
15.925, 10.15, 1
19.575, 12, 1
25.775, 10.05, 1
25.575, 9.3, 1
28.075, 7.6, 1